2.26252
1.23522
1.09998
1.11865
1.64344
2.53391
1.68086
-0.796267
2.41056
0.947262
-1.43655
1.5834
1.2192
0.890309
1.40931
0.701839
2.53626
1.81651
1.56166
0.84032
1.83428
1.71127
-0.0240397
1.23139
3.03885
-1.34854
3.40858
0.655575
2.29436
1.60086
2.73884
2.95583
0.442526
0.794036
1.75199
2.92127
0.561844
2.15166
1.30035
2.3858
1.9973
2.01202
0.324175
1.6963
-0.336759
0.667734
1.73904
1.57615
0.575662
0.429111
-1.01471
0.241134
2.8004
-0.12525
1.57994
-0.204072
-0.071237
1.35513
0.628304
2.71929
0.0548531
1.64962
1.78655
2.89367
1.21665
0.258771
1.13835
0.859257
0.847606
1.73236
2.26805
0.796143
3.41566
1.76313
0.886702
0.545654
-0.309576
-0.740543
2.29329
-0.0514678
1.63953
-0.168163
2.64979
0.835086
2.22
0.937913
2.18991
1.06264
0.730374
1.43096
3.59839
1.12557
2.50892
1.19283
2.00272
0.942618
1.35162
0.780663
2.0677
0.635657